0.10000 0.80000 1.00000 1.00000 1.00000 1.00000
0.14000 0.80000 1.00000 1.00000 1.00000 1.00000
0.18000 0.80000 1.00000 1.00000 1.00000 1.00000
0.22000 0.80000 1.00000 1.00000 1.00000 1.00000
0.26000 0.80000 1.00000 1.00000 1.00000 1.00000
0.30000 0.80000 1.00000 1.00000 1.00000 1.00000
0.34000 0.80000 1.00000 1.00000 1.00000 1.00000
0.38000 0.80000 1.00000 1.00000 1.00000 1.00000
0.42000 0.80000 1.00000 1.00000 1.00000 1.00000
0.46000 0.80000 1.00000 1.00000 1.00000 1.00000
0.50000 0.80000 1.00000 1.00000 1.00000 1.00000
0.30000 0.60000 1.00000 1.00000 1.00000 1.00000
0.30000 0.64000 1.00000 1.00000 1.00000 1.00000
0.30000 0.68000 1.00000 1.00000 1.00000 1.00000
0.30000 0.72000 1.00000 1.00000 1.00000 1.00000
0.30000 0.76000 1.00000 1.00000 1.00000 1.00000
0.30000 0.80000 1.00000 1.00000 1.00000 1.00000
0.30000 0.84000 1.00000 1.00000 1.00000 1.00000
0.30000 0.88000 1.00000 1.00000 1.00000 1.00000
0.30000 0.92000 1.00000 1.00000 1.00000 1.00000
0.30000 0.96000 1.00000 1.00000 1.00000 1.00000
0.30000 1.00000 1.00000 1.00000 1.00000 1.00000
0.30000 0.80000 1.00000 1.00000 1.00000 1.00000
0.30000 0.80000 1.00000 1.00000 1.00000 1.00000
0.30000 0.80000 1.00000 1.00000 1.00000 1.00000
0.30000 0.80000 1.00000 1.00000 1.00000 1.00000
0.30000 0.80000 1.00000 1.00000 1.00000 1.00000
0.30000 0.80000 1.00000 1.00000 1.00000 1.00000
0.30000 0.80000 1.00000 1.00000 1.00000 1.00000
0.30000 0.80000 1.00000 1.00000 1.00000 1.00000
0.30000 0.80000 1.00000 1.00000 1.00000 1.00000
0.30000 0.80000 1.00000 1.00000 1.00000 1.00000
0.30000 0.80000 1.00000 1.00000 1.00000 1.00000
0.30000 0.80000 1.00000 1.00000 1.00000 1.00000
0.30000 0.80000 1.00000 1.00000 1.00000 1.00000
0.30000 0.80000 1.00000 1.00000 1.00000 1.00000
0.30000 0.80000 1.00000 1.00000 1.00000 1.00000
0.30000 0.80000 1.00000 1.00000 1.00000 1.00000
0.30000 0.80000 1.00000 1.00000 1.00000 1.00000
0.30000 0.80000 1.00000 1.00000 1.00000 1.00000
0.30000 0.80000 1.00000 1.00000 1.00000 1.00000
0.30000 0.80000 1.00000 1.00000 1.00000 1.00000
0.30000 0.80000 1.00000 1.00000 1.00000 1.00000
0.30000 0.80000 1.00000 1.00000 1.00000 1.00000
0.30000 0.80000 1.00000 1.00000 1.00000 1.00000
0.30000 0.80000 1.00000 1.00000 1.00000 1.00000
0.30000 0.80000 1.00000 1.00000 1.00000 1.00000
0.30000 0.80000 1.00000 1.00000 1.00000 1.00000
0.30000 0.80000 1.00000 1.00000 1.00000 1.00000
0.30000 0.80000 1.00000 1.00000 1.00000 1.00000
0.30000 0.80000 1.00000 1.00000 1.00000 1.00000
0.30000 0.80000 1.00000 1.00000 1.00000 1.00000
0.30000 0.80000 1.00000 1.00000 1.00000 1.00000
0.30000 0.80000 1.00000 1.00000 1.00000 1.00000
0.30000 0.80000 1.00000 1.00000 1.00000 1.00000
0.30000 0.80000 1.00000 1.00000 1.00000 1.00000
0.30000 0.80000 1.00000 1.00000 1.00000 1.00000
0.30000 0.80000 1.00000 1.00000 1.00000 1.00000
0.30000 0.80000 1.00000 1.00000 1.00000 1.00000
0.30000 0.80000 1.00000 1.00000 1.00000 1.00000
0.30000 0.80000 1.00000 1.00000 1.00000 1.00000
0.30000 0.80000 1.00000 1.00000 1.00000 1.00000
0.30000 0.80000 1.00000 1.00000 1.00000 1.00000
0.30000 0.80000 1.00000 1.00000 1.00000 1.00000
0.30000 0.80000 1.00000 1.00000 1.00000 1.00000
0.30000 0.80000 1.00000 1.00000 1.00000 1.00000
